problem_name: linear_patch_2d
variant: softplus_raw_pu_bd
n_side: 7
n_nodes: 49
h: 0.16666666666666666
kappa: 2.5
support_radius: 0.41666666666666663
seed: 42
phase_a_steps: 3
lambda_h_max: 0.9999999999993335
lambda_h_mean: 0.9999999999992522
pu_rmse: 7.536217165693825e-13
pu_linf: 1.1086687123906813e-12
linear_x_rmse: 0.016784328894173008
linear_y_rmse: 0.02026949751349905
