problem_name: stability_ablation_2d
variant: no_softplus_raw_pu_bd_no_fallback
n_side: 15
n_nodes: 225
h: 0.07142857142857142
kappa: 2.0
support_radius: 0.14285714285714285
seed: 42
phase_a_steps: 1500
lambda_h_max: 1.1315834651360865
lambda_h_mean: 1.0090902253911618
pu_rmse: 5.172981125280439e-12
pu_linf: 1.530919835346367e-11
linear_x_rmse: 0.008370038970774471
linear_y_rmse: 0.01033085484076355
