problem_name: sinusoidal_poisson_2d
variant: no_softplus_teacher_reg
n_side: 21
n_nodes: 441
h: 0.05
kappa: 2.5
support_radius: 0.125
seed: 42
phase_a_steps: 2200
phase_b_steps: 2600
lambda_h_max: 0.9999999999995547
lambda_h_mean: 0.9999999999995306
pu_rmse: 4.702912763331393e-13
pu_linf: 7.138734048339757e-13
linear_x_rmse: 0.0022482352395449155
linear_y_rmse: 0.0028436710434563946
l2_error: 0.009694389524431947
h1_semi_error: 0.30535285706101334
boundary_l2: 0.009863941799802472
