problem_name: sinusoidal_poisson_2d
variant: softplus_raw_pu_bd
n_side: 11
n_nodes: 121
h: 0.1
kappa: 2.5
support_radius: 0.25
seed: 42
phase_a_steps: 1200
phase_b_steps: 1500
lambda_h_max: 0.9999999999996816
lambda_h_mean: 0.9999999999996564
pu_rmse: 3.4400199072687866e-13
pu_linf: 4.5274894944213884e-13
linear_x_rmse: 0.009790030645475347
linear_y_rmse: 0.0035556001486881554
l2_error: 0.025757124621141096
h1_semi_error: 0.5583421895292356
boundary_l2: 0.04280866704271159
