problem_name: sinusoidal_poisson_2d
variant: no_softplus_teacher_reg
n_side: 11
n_nodes: 121
h: 0.1
kappa: 2.5
support_radius: 0.25
seed: 42
phase_a_steps: 1500
phase_b_steps: 2200
lambda_h_max: 1.0000000000009883
lambda_h_mean: 1.000000000000674
pu_rmse: 6.754980735651406e-13
pu_linf: 9.883205365213144e-13
linear_x_rmse: 0.005809891410576243
linear_y_rmse: 0.00567339379008767
l2_error: 0.007187725391971161
h1_semi_error: 0.27680899904896944
boundary_l2: 0.009318501299248477
