problem_name: sinusoidal_poisson_2d
variant: softplus_raw_pu_bd
n_side: 21
n_nodes: 441
h: 0.05
kappa: 2.5
support_radius: 0.125
seed: 42
phase_a_steps: 1200
phase_b_steps: 2200
lambda_h_max: 0.9999999999994973
lambda_h_mean: 0.9999999999994679
pu_rmse: 5.327096920416202e-13
pu_linf: 6.777911565336581e-13
linear_x_rmse: 0.004600886188021182
linear_y_rmse: 0.0015867772190403203
l2_error: 0.030939443103380555
h1_semi_error: 0.5527653208570927
boundary_l2: 0.04440132949358154
