problem_name: stability_ablation_2d
variant: softplus_raw_pu_bd
n_side: 7
n_nodes: 49
h: 0.16666666666666666
kappa: 2.5
support_radius: 0.41666666666666663
seed: 42
phase_a_steps: 2
lambda_h_max: 0.9999999999993332
lambda_h_mean: 0.999999999999247
pu_rmse: 7.593033301129129e-13
pu_linf: 1.1119993814645568e-12
linear_x_rmse: 0.01747589592251092
linear_y_rmse: 0.021101633285106104
