problem_name: linear_patch_2d
variant: softplus_raw_pu_bd
n_side: 7
n_nodes: 49
h: 0.16666666666666666
kappa: 2.5
support_radius: 0.41666666666666663
seed: 42
phase_a_steps: 1
lambda_h_max: 0.9999999999993324
lambda_h_mean: 0.9999999999992325
pu_rmse: 7.755485870574099e-13
pu_linf: 1.1151080059335072e-12
linear_x_rmse: 0.019548661374712145
linear_y_rmse: 0.02352436372142679
