problem_name: sinusoidal_poisson_2d
variant: softplus_raw_pu_bd
n_side: 21
n_nodes: 441
h: 0.05
kappa: 2.5
support_radius: 0.125
seed: 42
phase_a_steps: 1200
phase_b_steps: 1500
lambda_h_max: 0.9999999999994673
lambda_h_mean: 0.9999999999994175
pu_rmse: 5.831714434994617e-13
pu_linf: 7.402967128200544e-13
linear_x_rmse: 0.004267762609812441
linear_y_rmse: 0.0017209387525351967
l2_error: 0.027347917682631638
h1_semi_error: 0.6178512306331958
boundary_l2: 0.04290533010236989
