problem_name: stability_ablation_2d
variant: no_softplus_teacher_reg
n_side: 15
n_nodes: 225
h: 0.07142857142857142
kappa: 2.0
support_radius: 0.14285714285714285
seed: 42
phase_a_steps: 1500
lambda_h_max: 1.0079288904848611
lambda_h_mean: 1.0004683594258852
pu_rmse: 5.260155605454175e-12
pu_linf: 8.534284390293578e-12
linear_x_rmse: 0.00425365482105559
linear_y_rmse: 0.004132447033982931
